0,-0,0,0,0,0
0.0769964,0.190274,0.0226916,-0.00831074,0.00257876,-0.000886037
0.392353,0.184098,0.26899,-0.0115494,0.0144387,0.00411621
0.487734,-0.0547761,0.466003,-0.00245021,0.0162429,-0.000801803
0.421774,0.215415,0.114343,-0.0153643,0.015994,-0.0127301
0.351576,-0.461569,-0.128283,0.00584497,0.0140816,-0.00299201
0.360258,0.0635375,0.298064,-0.0131055,0.00818325,-0.000848051
0.486229,-0.0578593,0.276244,-0.0067651,0.0133892,-0.0137296
0.384134,-0.651748,0.766777,0.007057,0.00107219,-0.00576695
0.951307,-0.332904,0.268464,-0.00738116,0.0157154,-0.0158133
0.860862,-0.511442,0.576452,-0.00202956,0.0124247,-0.0149608
1.24467,-0.77289,0.456086,0.0101239,0.0137762,-0.0186469
1.06731,-0.617935,0.716036,0.00696894,0.0203959,-0.0312393
1.46868,-0.692912,0.392126,0.00639448,0.0288188,-0.0348271
1.46819,-1.72508,-1.50035,-0.00101787,0.0428462,-0.0502874
1.91321,-1.14269,-1.81723,-0.00104497,0.0673956,-0.0808544
1.59357,-1.69016,-1.48108,0.0223299,0.0728996,-0.116345
2.23555,-1.48004,-1.01055,0.028785,0.0988496,-0.146945
1.8893,-0.942674,-1.29491,0.0152268,0.100154,-0.16254
2.38525,-1.15793,-1.41979,0.0316982,0.131033,-0.206989
2.26233,0.399646,-0.375828,0.0117339,0.152677,-0.242884
2.81964,1.11179,0.123061,-0.00921047,0.177662,-0.27215
2.62786,1.35667,0.100084,0.0175788,0.189932,-0.308819
2.86583,0.26666,0.115206,0.052873,0.20601,-0.350231
2.90199,0.444068,1.63172,0.0654601,0.238693,-0.391465
2.9918,-0.62005,1.82551,0.0834604,0.273725,-0.427566
2.65611,-0.183734,2.65274,0.0995426,0.271378,-0.464359
2.46631,0.0190009,2.61456,0.0994389,0.294715,-0.519166
3.01276,0.0582136,1.62439,0.097737,0.33663,-0.581918
2.3169,-0.737243,1.69216,0.157006,0.365599,-0.635221
2.94492,-0.442614,1.38392,0.151912,0.398528,-0.696051
2.58777,0.21472,1.01696,0.130783,0.424578,-0.726532
2.44085,-0.587271,0.752261,0.152976,0.425055,-0.762545
2.26703,-0.430623,2.14912,0.171005,0.437241,-0.789272
2.64602,-1.41875,1.76633,0.186776,0.473402,-0.855932
3.44546,-1.81375,1.52863,0.190412,0.517974,-0.916172
2.98308,-2.35827,0.964104,0.203568,0.522157,-0.950682
2.54676,-3.2089,1.62754,0.216121,0.549367,-0.994951
3.37892,-1.61511,1.05858,0.173541,0.586792,-1.03618
2.90242,-2.46984,0.0418521,0.202485,0.6082,-1.0772
3.06896,-1.79326,-0.153208,0.217514,0.627151,-1.11769
3.18966,-0.478895,0.960988,0.210218,0.639621,-1.15636
3.38096,-1.53436,-0.671933,0.228754,0.668616,-1.18691
3.44948,-2.35223,9.46229e-05,0.26034,0.697912,-1.22349
3.44972,-3.53413,-0.549303,0.31601,0.724674,-1.27731
3.3011,-3.87812,-0.0428165,0.320185,0.755638,-1.32211
3.3079,-6.77837,-0.837697,0.402406,0.756574,-1.33828
2.93627,-4.67653,-1.81791,0.365128,0.763631,-1.37438
3.51222,-4.62026,-1.44108,0.370735,0.806239,-1.42202
3.07694,-3.45809,-2.43297,0.381293,0.8094,-1.45323
3.04874,-2.91371,-2.60357,0.414761,0.839177,-1.51267
3.66822,-1.78498,-2.8461,0.406335,0.873999,-1.55261
3.6018,-1.30924,-2.86385,0.418895,0.90394,-1.61359
4.10983,-0.930045,-2.3094,0.452328,0.923951,-1.64603
4.32834,-2.36447,-2.98112,0.456911,0.96017,-1.68661
3.81906,-2.56994,-3.04599,0.446238,0.961921,-1.73554
3.7644,-3.30032,-1.94351,0.522415,0.9902,-1.77207
3.73221,-4.09243,-1.85052,0.545916,1.01074,-1.81522
4.41449,-3.84176,-1.63773,0.555041,1.04719,-1.84872
3.58586,-3.08735,-1.91696,0.515771,1.04653,-1.89914
3.90641,-3.93527,-2.77744,0.528926,1.07908,-1.93914
4.36543,-3.34171,-2.87727,0.547522,1.12366,-1.98444
4.45086,-2.74669,-2.55171,0.548441,1.14039,-2.02386
4.78995,-2.44268,-3.51976,0.541496,1.17825,-2.06864
4.69549,-2.73015,-2.92115,0.581636,1.20586,-2.11759
4.85602,-3.18435,-3.03831,0.570065,1.24804,-2.17111
5.02399,-4.50083,-2.59812,0.617381,1.2844,-2.21813
5.13036,-3.93824,-3.74791,0.6049,1.30766,-2.26777
4.8526,-3.35392,-3.06335,0.603725,1.33037,-2.30602
4.50186,-3.59354,-3.28643,0.609884,1.35649,-2.34723
4.78894,-3.30286,-4.03013,0.624206,1.37427,-2.37614
4.36649,-4.70665,-4.90618,0.637415,1.40157,-2.42037
4.62372,-3.74597,-3.60008,0.637644,1.42959,-2.47335
4.87308,-4.16963,-1.59386,0.653868,1.45732,-2.51277
4.14916,-3.89788,-0.978508,0.674567,1.47688,-2.55991
4.06109,-5.27341,-1.50825,0.684967,1.50208,-2.59612
4.02416,-6.64325,-1.75201,0.735815,1.51549,-2.6242
3.54324,-6.66511,-1.84676,0.739683,1.5394,-2.66399
3.65713,-6.29138,-1.90363,0.760147,1.55988,-2.71276
3.78683,-5.81124,-1.05698,0.770638,1.5916,-2.77045
3.63855,-4.96652,-1.11229,0.74496,1.62272,-2.81316
2.97903,-5.74897,-1.4515,0.781241,1.62977,-2.84806
3.81453,-6.28627,-2.71372,0.795127,1.67328,-2.89368
3.67476,-6.05867,-3.3666,0.785093,1.68336,-2.92975
3.28635,-7.02819,-3.32989,0.829726,1.70302,-2.97314
3.58538,-8.18975,-4.02641,0.885413,1.72505,-3.01883
4.03354,-8.10331,-3.36514,0.917184,1.76488,-3.06843
3.19978,-9.04953,-3.57792,0.912063,1.77644,-3.10824
3.22875,-9.23514,-4.38068,0.928648,1.78187,-3.14145
3.24973,-8.31442,-4.68855,0.926933,1.79826,-3.17707
3.51161,-8.56403,-5.0767,0.95419,1.82702,-3.21389
3.40155,-8.07728,-5.25201,0.958889,1.83999,-3.25425
3.01363,-7.41918,-6.09235,0.94488,1.84949,-3.2865
2.92425,-6.3213,-4.37975,0.958581,1.87629,-3.32086
2.90024,-6.53578,-3.58133,0.979103,1.9001,-3.36703
2.58804,-6.15474,-3.89694,0.991347,1.89509,-3.39608
3.25234,-6.84412,-3.42217,1.02428,1.95264,-3.45968
2.22046,-6.7919,-3.14801,1.04265,1.94432,-3.51188
2.71821,-5.33135,-3.57192,1.01555,1.9894,-3.56257
2.63161,-6.2723,-4.74825,1.03599,1.99699,-3.60877
2.54404,-4.62626,-4.48568,1.04518,2.02484,-3.66097
3.04755,-3.79586,-5.24742,1.02994,2.05474,-3.70865
2.69863,-3.65008,-6.19719,1.02951,2.05677,-3.72811
2.50917,-3.04576,-6.14446,1.02719,2.0701,-3.76863
2.1154,-3.55929,-8.16524,1.04615,2.07939,-3.79965
2.0342,-3.22854,-7.62752,1.04886,2.09071,-3.82978
1.89463,-1.98667,-5.89681,1.05963,2.10453,-3.87299
2.50768,-3.57663,-5.20383,1.11483,2.13413,-3.90961
2.69088,-2.94476,-1.91492,1.12751,2.16784,-3.95717
3.25271,-3.40808,-0.216391,1.15161,2.20349,-3.99222
2.63032,-4.19416,-2.24757,1.15365,2.19652,-4.01278
2.73494,-5.64849,-1.89243,1.18937,2.22717,-4.07196
2.11583,-4.42172,-4.33197,1.16194,2.23315,-4.11482
2.16909,-4.19849,-3.21973,1.17283,2.28126,-4.18076
2.75723,-4.43536,-3.63134,1.18057,2.31025,-4.23212
3.03907,-4.6027,-5.21622,1.19342,2.35091,-4.29088
2.95702,-5.34549,-6.77794,1.20504,2.36285,-4.32285
2.96188,-5.58311,-6.5403,1.22406,2.39788,-4.39814
2.87961,-5.80594,-4.53832,1.26748,2.43086,-4.4467
2.89076,-5.7114,-4.23897,1.26676,2.43293,-4.46998
2.91142,-6.60494,-3.65411,1.28988,2.46433,-4.51554
2.73265,-7.47821,-4.21963,1.32581,2.48638,-4.54249
1.98212,-8.66351,-4.49975,1.34203,2.48418,-4.59245
1.84614,-8.68491,-4.52978,1.36134,2.49805,-4.62167
1.9147,-9.5465,-4.79604,1.38015,2.50789,-4.64867
2.24702,-9.16084,-5.36349,1.39667,2.52944,-4.68154
2.21667,-8.69865,-5.20552,1.38948,2.56057,-4.73426
2.19466,-10.5677,-6.41507,1.43514,2.57108,-4.7609
2.02839,-10.2612,-7.18791,1.44469,2.58195,-4.80166
2.03403,-8.88899,-5.71168,1.46476,2.60443,-4.84457
2.3327,-9.62047,-6.81343,1.46462,2.63202,-4.89877
2.85399,-11.1818,-7.34856,1.5108,2.65672,-4.936
2.38493,-12.1317,-6.72048,1.56737,2.67178,-4.9735
2.52955,-11.8924,-5.99148,1.58647,2.70661,-5.02258
2.86609,-14.0927,-6.77626,1.63812,2.72037,-5.03666
3.21427,-15.0895,-8.39955,1.65998,2.73076,-5.05951
3.02116,-15.9282,-7.69298,1.67487,2.75269,-5.10175
3.34823,-14.7624,-8.88245,1.69394,2.76527,-5.12376
2.64972,-14.6503,-7.80639,1.7094,2.78344,-5.16693
2.36852,-13.7124,-5.19651,1.75888,2.80326,-5.21466
2.50757,-12.5968,-6.35829,1.76819,2.8202,-5.24624
2.87461,-11.0601,-5.57386,1.7763,2.84778,-5.29112
3.36336,-9.66781,-6.89762,1.7469,2.88604,-5.35002
2.85396,-10.0047,-5.46931,1.78707,2.88241,-5.379
2.86655,-9.78662,-5.49483,1.795,2.90038,-5.42155
3.18318,-10.5618,-6.14983,1.83732,2.91806,-5.45317
2.37728,-10.4578,-4.52745,1.86629,2.93415,-5.49376
2.60094,-10.91,-4.97013,1.8681,2.94136,-5.53074
2.5232,-12.8178,-5.10944,1.91731,2.96522,-5.55427
2.66575,-13.5835,-5.33001,1.91898,2.97208,-5.56661
2.75064,-13.5599,-6.80075,1.93214,2.97702,-5.58622
2.50075,-13.6807,-6.2059,1.93607,2.99708,-5.62599
3.34242,-13.893,-8.40469,1.94001,3.01664,-5.65446
2.77629,-13.994,-7.84412,1.9484,3.02023,-5.68266
3.20306,-14.4434,-9.36692,1.95215,3.03434,-5.69013
3.11808,-13.9686,-9.5994,1.96087,3.04139,-5.72261
2.86999,-13.9183,-8.87201,1.97173,3.04475,-5.73292
2.82973,-14.6132,-8.69182,1.99621,3.05417,-5.74371
2.66273,-14.1839,-7.48466,1.99401,3.06399,-5.76413
2.4858,-14.9404,-8.32568,2.00648,3.05429,-5.76693
2.20902,-15.0147,-7.81794,2.02638,3.05932,-5.78154
2.09797,-14.6144,-7.20442,2.02371,3.07087,-5.7935
2.08521,-14.3239,-7.70165,2.00957,3.06127,-5.79509
2.11793,-14.2916,-7.58327,2.01556,3.06819,-5.79651
2.00682,-14.7349,-7.56389,2.02612,3.06007,-5.79019
1.99209,-14.1772,-7.57388,2.00908,3.06418,-5.79735
2.15657,-14.432,-7.77213,2.02361,3.06475,-5.79244
2.09317,-14.6767,-7.55413,2.02205,3.06577,-5.78942
1.78179,-14.9856,-7.01217,2.03389,3.06148,-5.78999
1.42892,-13.9387,-6.60644,2.03189,3.05612,-5.78975
0.88418,-11.4958,-3.66745,2.04165,3.06745,-5.80509
0.547927,-8.87641,-2.2604,2.05177,3.06165,-5.81656
0.805805,-6.10548,-1.34647,2.07687,3.07756,-5.8275
0.565324,-3.31793,0.182258,2.09932,3.08538,-5.84645
1.1055,1.18665,0.263901,2.05026,3.09397,-5.89102
1.19667,4.10329,-0.461281,2.06415,3.12128,-5.92164
2.12023,7.091,0.461149,2.0631,3.14616,-5.95214
2.30393,10.1749,1.35252,2.03922,3.17099,-5.99706
2.84651,11.785,2.43827,2.05155,3.18737,-6.02425
2.85733,12.4126,4.2281,2.0345,3.21006,-6.06997
3.21655,13.3808,4.84206,2.04852,3.22385,-6.11075
3.94008,15.5379,7.10666,2.03229,3.25973,-6.16507
5.60249,19.5936,10.0682,2.04954,3.28842,-6.19503
6.48387,23.0925,10.9562,1.9909,3.31641,-6.23012
7.37086,26.4191,12.8199,1.98731,3.3393,-6.28181
7.68279,30.3596,13.4197,1.94439,3.35609,-6.31044
10.2378,35.1301,17.9018,1.91087,3.35049,-6.33198
11.8321,36.7313,19.7781,1.85942,3.38431,-6.3493
13.3112,39.3774,21.8474,1.84273,3.41024,-6.40743
14.9269,39.1508,24.8021,1.8269,3.43151,-6.46024
16.7002,39.7719,27.4187,1.78289,3.45292,-6.4855
16.2575,40.2934,27.2941,1.75687,3.44983,-6.49453
17.6372,41.2738,29.407,1.75056,3.45041,-6.52556
17.9215,43.0658,28.8709,1.71111,3.48708,-6.5519
20.129,45.9496,31.349,1.65301,3.50886,-6.56603
21.6846,48.8679,33.577,1.66574,3.5127,-6.60827
22.0081,50.8115,33.8184,1.59692,3.51456,-6.61271
22.7913,50.9521,35.1746,1.60072,3.51903,-6.62461
24.6352,50.7122,36.8883,1.57502,3.54222,-6.65968
27.2245,52.7635,40.2076,1.52256,3.54482,-6.65399
28.6319,51.4253,42.0776,1.50815,3.56241,-6.69877
30.6739,52.8096,44.5099,1.4547,3.57667,-6.70925
31.9022,52.7804,45.8177,1.41547,3.59486,-6.72466
35.3061,52.6684,50.1888,1.38076,3.6072,-6.74369
36.7968,52.7063,52.007,1.35446,3.62892,-6.77524
37.2806,53.4132,52.5825,1.33772,3.63005,-6.78732
39.462,53.8235,55.2737,1.28963,3.63849,-6.79655
40.4845,55.2162,56.488,1.26432,3.64559,-6.80364
43.1012,56.5166,59.1803,1.22027,3.65236,-6.80722
43.6614,58.1562,59.8138,1.18293,3.6591,-6.81897
46.4615,58.7474,63.2913,1.15309,3.65757,-6.84645
48.4875,59.4162,65.6288,1.13212,3.66381,-6.83827
49.5187,58.3632,66.8693,1.09551,3.6826,-6.86131
50.6365,58.871,67.9688,1.03456,3.68364,-6.86527
52.7209,58.8204,70.2346,1.01315,3.68902,-6.86543
52.8099,57.866,70.914,0.998144,3.6948,-6.89214
53.5934,57.3675,71.9925,0.961604,3.69633,-6.92103
54.6163,56.8915,73.1938,0.948744,3.69821,-6.91295
55.2559,56.418,73.8919,0.915701,3.70985,-6.91928
55.4085,56.4984,74.4178,0.912004,3.71009,-6.93992
55.3757,56.8407,74.3826,0.877933,3.71266,-6.9496
57.1771,56.7678,76.1933,0.84494,3.724,-6.95108
58.5015,56.8685,77.7365,0.818937,3.73141,-6.95847
59.5754,57.3019,79.048,0.796885,3.72378,-6.94671
61.2884,57.2718,81.6384,0.778808,3.71609,-6.95907
64.3241,59.251,84.9316,0.772515,3.70702,-6.94944
67.9802,58.7504,89.2543,0.723729,3.71596,-6.96999
71.609,58.362,93.3025,0.695252,3.72159,-6.9735
73.4327,60.0545,95.0838,0.66265,3.71884,-6.96681
77.5932,59.0547,100.016,0.621126,3.71713,-6.95451
80.7057,58.074,103.31,0.581566,3.72013,-6.95504
82.9979,57.3353,106.142,0.558065,3.71237,-6.95581
83.3755,56.5198,106.573,0.532623,3.71874,-6.97024
86.3094,56.3019,109.94,0.513046,3.7198,-6.96259
92.0731,54.4776,116.453,0.4834,3.70859,-6.93518
95.6694,52.5742,121.002,0.455708,3.7105,-6.951
98.5908,51.8977,124.166,0.408256,3.69936,-6.89912
101.888,52.4693,127.738,0.373491,3.68293,-6.86227
103.226,51.4721,129.402,0.350759,3.68618,-6.8639
104.967,50.9926,131.515,0.313656,3.66679,-6.83381
106.644,49.7784,133.138,0.291358,3.6596,-6.81057
107.408,48.0665,134.459,0.255429,3.65098,-6.79247
108.345,46.7446,135.621,0.219204,3.65336,-6.77881
109.341,45.1482,137.769,0.184985,3.62514,-6.75375
110.602,43.7032,139.034,0.146527,3.62913,-6.74288
111.436,41.9978,140.015,0.123655,3.62429,-6.73655
113.839,39.1115,142.375,0.0782279,3.61925,-6.68851
116.822,37.221,147.679,0.0701762,3.59178,-6.65376
118.325,33.044,150.175,0.0350481,3.5888,-6.64681
120.741,30.9439,153.809,0.00525679,3.58143,-6.62582
122.69,26.328,157.027,-0.028914,3.56236,-6.60128
122.513,23.3359,158.369,-0.0263947,3.53151,-6.60478
122.9,20.089,158.93,-0.0632831,3.52831,-6.5606
123.461,17.9347,159.613,-0.0824597,3.52076,-6.53666
124.254,16.0497,160.21,-0.119229,3.50938,-6.48629
123.473,13.2955,160.147,-0.154178,3.47722,-6.48009
124.068,12.6589,161.355,-0.156801,3.47188,-6.43469
124.267,10.7491,161.835,-0.1856,3.45699,-6.4092
125.234,9.18726,164.741,-0.166325,3.42698,-6.34945
125.474,6.46371,166.911,-0.175928,3.38205,-6.30696
125.385,5.41891,168.697,-0.172596,3.37718,-6.27484
125.726,4.97115,169.137,-0.174473,3.361,-6.24267
125.694,5.02764,169.752,-0.17846,3.34012,-6.20594
125.895,2.79316,169.126,-0.180407,3.32368,-6.18076
125.79,2.52621,168.69,-0.207016,3.3029,-6.14053
125.679,2.57769,169.133,-0.207072,3.29304,-6.12549
125.685,1.3024,168.827,-0.21256,3.28124,-6.10101
125.688,2.1898,169.157,-0.215548,3.2811,-6.10796
125.891,2.32402,168.815,-0.230919,3.28313,-6.08521
125.877,2.43399,169.139,-0.220594,3.27353,-6.0824
125.715,2.48585,169.445,-0.217079,3.26465,-6.07168
125.705,2.4617,169.671,-0.209856,3.26568,-6.07939
125.644,2.61032,169.961,-0.204345,3.27235,-6.08914
125.428,2.67587,169.903,-0.21109,3.26358,-6.08042
125.37,2.57967,169.709,-0.211246,3.26612,-6.08253
125.331,2.25868,169.433,-0.218132,3.25997,-6.07176
125.265,2.47993,169.695,-0.210069,3.26304,-6.08639
125.231,2.49557,169.8,-0.208094,3.26683,-6.09247
125.445,2.46797,170.223,-0.190805,3.26128,-6.07936
125.285,2.64079,170.074,-0.204211,3.25987,-6.08477
125.283,2.54582,170.095,-0.195532,3.26584,-6.08704
125.199,2.61454,170.012,-0.203717,3.25587,-6.07985
125.206,2.6265,169.643,-0.212608,3.25968,-6.07811
124.673,3.28688,168.747,-0.218363,3.26066,-6.08871
124.727,3.62201,169.056,-0.207041,3.25897,-6.08152
124.481,5.9391,168.567,-0.214402,3.23878,-6.05893
124.537,8.57338,168.449,-0.229771,3.22723,-6.03718
124.451,8.43308,168.474,-0.226154,3.20535,-5.99821
124.488,8.5159,168.626,-0.234846,3.18012,-5.95581
124.378,9.51886,168.89,-0.262316,3.15073,-5.9149
124.797,10.7817,169.743,-0.254782,3.13187,-5.86766
124.338,11.7783,169.897,-0.265893,3.11471,-5.85605
124.57,12.1526,169.9,-0.267882,3.09623,-5.81613
124.399,11.6291,168.587,-0.307865,3.09957,-5.80556
125.196,11.2063,167.867,-0.325084,3.09548,-5.77837
125.18,13.3246,169.003,-0.316304,3.09689,-5.77646
124.982,11.8036,168.654,-0.315679,3.10041,-5.77508
124.639,9.91056,168.515,-0.325108,3.09366,-5.77915
124.721,10.213,169.36,-0.293797,3.09064,-5.77365
124.505,9.31959,168.743,-0.312326,3.09173,-5.76989
124.49,8.94977,168.474,-0.302731,3.08441,-5.77557
124.01,10.7653,168.252,-0.311115,3.07849,-5.78411
123.958,9.3484,167.537,-0.330012,3.07261,-5.77214
124.215,8.05191,166.884,-0.353231,3.06055,-5.74292
123.888,8.36934,167.31,-0.341464,3.04785,-5.73429
123.711,8.79652,166.292,-0.384306,3.04058,-5.71401
123.717,8.75359,165.81,-0.394283,3.02266,-5.67726
123.622,9.48103,165.002,-0.423582,3.02161,-5.66212
123.641,9.52197,164.959,-0.427178,3.00925,-5.6432
123.754,9.7338,164.956,-0.443896,3.00301,-5.63455
123.587,9.38794,165.201,-0.434722,2.98679,-5.61253
123.714,10.1825,165.373,-0.449158,2.97721,-5.58587
124.036,9.45662,165.96,-0.451784,2.95826,-5.56234
124.416,8.69756,166.037,-0.470224,2.92452,-5.49572
124.687,8.57041,166.888,-0.464995,2.90717,-5.46052
124.184,8.31178,167.154,-0.48704,2.88455,-5.42837
124.556,8.79068,167.146,-0.496025,2.86445,-5.39642
124.109,8.53502,167.365,-0.528599,2.84123,-5.37389
124.213,8.37874,166.861,-0.546721,2.81846,-5.34131
124.937,8.52678,166.832,-0.551804,2.81397,-5.29115
124.122,8.57641,166.486,-0.585721,2.78735,-5.26579
124.579,7.7208,165.795,-0.614512,2.77608,-5.21442
124.83,8.21834,165.502,-0.626379,2.74959,-5.16992
124.325,9.22334,165.288,-0.651521,2.73831,-5.15115
124.495,8.02607,165.845,-0.667473,2.71146,-5.0937
124.655,7.80537,165.731,-0.679352,2.70315,-5.05739
124.764,7.61929,165.939,-0.695119,2.67824,-5.014
124.595,7.54645,166.777,-0.690192,2.65243,-4.9898
124.562,8.32335,167.06,-0.705411,2.63678,-4.95466
124.341,9.34923,167.804,-0.696661,2.61514,-4.93243
124.133,11.5418,167.135,-0.739129,2.60629,-4.91966
123.419,14.0587,165.18,-0.777008,2.57783,-4.8621
123.752,11.1176,165.242,-0.835809,2.55057,-4.81239
123.369,12.2979,163.839,-0.890029,2.54582,-4.79489
123.373,12.3005,163.317,-0.918971,2.53123,-4.76672
123.026,13.3237,162.989,-0.936452,2.51562,-4.74138
122.808,13.5583,162.697,-0.95439,2.50443,-4.71651
122.577,13.546,162.73,-0.986855,2.49066,-4.70202
122.943,14.0921,163.639,-1.00935,2.465,-4.66003
123.074,12.8103,163.812,-1.02212,2.44128,-4.60867
123.509,13.3366,163.546,-1.06585,2.42641,-4.56091
123.262,13.6958,164.042,-1.06964,2.40347,-4.53753
123.513,11.9689,164.056,-1.08255,2.38773,-4.50098
123.445,12.3778,164.656,-1.08979,2.37008,-4.47878
123.327,13.0161,164.223,-1.10656,2.34371,-4.43504
123.985,12.7117,164.065,-1.14333,2.34265,-4.39777
123.646,12.1275,163.349,-1.16489,2.30661,-4.35604
123.979,11.372,164.128,-1.17461,2.28356,-4.30298
124.086,10.2148,165.07,-1.18562,2.25366,-4.24649
124.234,9.05172,164.137,-1.20587,2.2308,-4.18963
124.022,9.41107,165.025,-1.19861,2.19482,-4.15006
123.966,10.5476,165.645,-1.22689,2.17313,-4.11339
123.752,9.4937,164.845,-1.25755,2.15753,-4.08941
123.366,9.96735,164.279,-1.2709,2.13235,-4.05118
123.878,11.0215,163.424,-1.31462,2.13187,-4.02051
123.73,12.6739,163.106,-1.33569,2.12175,-3.99193
123.029,11.8148,161.539,-1.39196,2.10736,-3.96683
122.819,10.9733,161.673,-1.39989,2.08464,-3.93665
122.61,12.4153,161.54,-1.40244,2.08299,-3.93901
122.898,12.4948,162.269,-1.3984,2.0655,-3.90953
122.923,12.8971,162.3,-1.41957,2.04993,-3.87302
122.715,13.3459,162.783,-1.41073,2.03392,-3.85656
123.033,12.8424,162.52,-1.43548,2.01004,-3.80868
123.195,12.4766,163.489,-1.44711,1.98416,-3.76936
123.251,12.5611,164.059,-1.4459,1.9472,-3.70303
123.877,11.4912,164.697,-1.44696,1.92572,-3.64537
124.066,11.2656,164.797,-1.47524,1.89995,-3.60179
124.275,12.0438,165.268,-1.50196,1.87761,-3.54181
123.87,11.2526,165.87,-1.48821,1.83616,-3.50356
124.03,10.5125,165.384,-1.53321,1.82348,-3.46086
123.968,11.0142,162.864,-1.59621,1.82187,-3.4089
124.307,9.40044,163.88,-1.58737,1.79633,-3.35856
124.377,9.84029,164.388,-1.61729,1.77285,-3.32588
124.381,8.7071,164.686,-1.61877,1.73564,-3.26092
124.446,7.76848,165.601,-1.61993,1.69888,-3.1938
125.163,9.90991,166.05,-1.63951,1.68981,-3.14847
124.811,10.6616,165.593,-1.66054,1.65918,-3.10686
124.879,9.71489,165.72,-1.68889,1.64185,-3.06507
124.681,9.46755,165.037,-1.72474,1.61836,-3.01363
124.844,8.39256,163.769,-1.75341,1.60013,-2.94443
124.473,9.50863,162.966,-1.79178,1.57445,-2.92495
124.191,9.48794,162.864,-1.81055,1.55558,-2.89457
124.464,9.49932,163.31,-1.83676,1.53611,-2.84158
124.23,8.38568,163.88,-1.85774,1.50208,-2.78345
124.231,8.17876,165.147,-1.8598,1.47028,-2.73877
124.317,11.6608,165.716,-1.85653,1.44615,-2.69414
124.298,15.7464,164.761,-1.90383,1.42437,-2.6421
123.748,12.6809,164.002,-1.94814,1.40312,-2.60461
124.425,13.503,162.749,-2.00408,1.38037,-2.52054
124.102,12.3425,161.194,-2.05881,1.36809,-2.48844
123.725,10.4279,160.729,-2.07236,1.34841,-2.45208
123.716,10.4632,160.618,-2.0853,1.32518,-2.4179
123.615,11.0821,161.693,-2.08783,1.30675,-2.38634
123.823,10.9271,162.256,-2.09113,1.28651,-2.35096
124.128,11.0758,163.022,-2.10915,1.2531,-2.28725
124.386,11.5909,163.742,-2.14178,1.23923,-2.24752
124.41,11.7152,163.598,-2.14884,1.21599,-2.1924
124.328,12.6113,163.546,-2.18618,1.19123,-2.15223
124.464,12.4735,163.573,-2.19965,1.16916,-2.10789
124.026,11.6314,162.523,-2.24377,1.14846,-2.06837
123.819,12.0368,161.28,-2.28465,1.13464,-2.02688
123.651,12.2374,160.795,-2.31483,1.12169,-2.00063
123.527,13.7491,160.049,-2.33134,1.1131,-1.98095
124.111,13.4749,160.994,-2.36167,1.09818,-1.92794
123.662,13.5383,160.295,-2.39211,1.07346,-1.88735
124.145,13.8881,160.325,-2.4191,1.05939,-1.84157
124.38,14.3385,160.671,-2.42701,1.04048,-1.80824
124.235,14.2125,161.656,-2.45201,1.01228,-1.76418
124.297,13.0111,160.947,-2.44773,0.994326,-1.71755
124.274,14.0048,161.469,-2.49764,0.978252,-1.68304
123.879,13.797,160.311,-2.54504,0.953689,-1.62579
123.351,13.5967,158.977,-2.58884,0.937581,-1.59659
123.387,14.8502,158.578,-2.6182,0.920573,-1.56058
122.709,15.1157,158.238,-2.65513,0.909971,-1.53583
122.765,15.2293,157.731,-2.67077,0.896897,-1.51222
122.776,15.9087,158.061,-2.694,0.876436,-1.47471
122.712,15.9077,158.615,-2.71714,0.852065,-1.44119
123.097,15.3255,159.304,-2.72659,0.823289,-1.38452
124.177,16.5717,160.562,-2.72475,0.803157,-1.30613
124.177,16.2598,160.663,-2.75592,0.779594,-1.26687
124.414,15.2709,161.237,-2.77068,0.757639,-1.23015
124.224,15.0121,161.503,-2.80451,0.738103,-1.18524
124.693,13.8147,161.72,-2.80678,0.724457,-1.13669
124.701,13.2679,161.363,-2.84652,0.7013,-1.10064
124.979,14.1387,161.893,-2.86139,0.688353,-1.05071
124.816,12.7123,161.642,-2.87829,0.669646,-1.02603
124.805,12.4051,161.888,-2.90321,0.652847,-0.996993
125.192,11.9599,162.389,-2.9158,0.638834,-0.946947
125.727,11.9228,162.793,-2.90574,0.621655,-0.907809
125.519,11.484,164.223,-2.8972,0.593529,-0.882652
125.49,12.1202,163.792,-2.92168,0.584188,-0.844025
125.434,13.929,164.04,-2.92763,0.567495,-0.826297
125.197,14.0455,163.815,-2.9589,0.555864,-0.794138
124.839,12.5136,162.988,-2.98838,0.536756,-0.774649
124.116,13.2506,162.807,-3.0222,0.511796,-0.74911
124.905,12.4777,162.382,-3.03305,0.499535,-0.682899
124.893,12.0371,162.314,-3.05917,0.480866,-0.651555
124.286,11.2363,162.661,-3.07328,0.45997,-0.620861
124.566,10.6213,163.888,-3.07153,0.429876,-0.574853
124.96,10.4489,163.878,-3.0861,0.419724,-0.544903
124.751,11.1971,165.133,-3.08346,0.402482,-0.511419
125.248,10.8644,165.621,-3.08124,0.388912,-0.484496
124.836,10.5427,165.332,-3.10125,0.378658,-0.476231
124.734,10.6805,164.799,-3.12836,0.371833,-0.457633
124.85,10.4577,165.025,-3.12823,0.353711,-0.424514
124.663,10.2331,164.568,-3.12963,0.350998,-0.422388
124.347,10.8944,163.258,-3.18354,0.352343,-0.423795
124.494,10.5292,164.316,-3.14736,0.341332,-0.419243
124.706,10.222,164.559,-3.13765,0.340257,-0.413077
124.767,10.8281,164.341,-3.15169,0.352384,-0.416031
124.727,10.3424,165.515,-3.11362,0.335913,-0.419039
124.612,10.5068,164.911,-3.13067,0.342382,-0.421006
124.908,11.3999,164.282,-3.15959,0.350643,-0.40986
124.548,10.5678,165.659,-3.11079,0.334132,-0.427363
124.564,11.0253,164.871,-3.13354,0.343485,-0.42424
124.465,9.81594,165.918,-3.09739,0.33743,-0.41195
124.557,8.01137,166.59,-3.15604,0.3324,-0.38735
125.026,3.17655,167.295,-3.16934,0.327402,-0.397094
126.215,1.78217,170.009,-3.1577,0.325945,-0.34971
125.954,-1.99112,172.269,-3.15421,0.303592,-0.342673
125.646,-3.54208,173.111,-3.18557,0.29044,-0.333067
125.365,-8.01758,175.218,-3.18287,0.270596,-0.323887
125.63,-9.01147,176.712,-3.15251,0.258228,-0.28057
125.892,-10.4648,177.868,-3.14003,0.250807,-0.256639
125.638,-13.2057,178.646,-3.1509,0.234327,-0.232445
125.096,-15.5425,-179.184,-3.12023,0.21373,-0.215388
124.857,-16.1633,-178.483,-3.13373,0.202021,-0.185256
125.119,-20.3011,-178.181,-3.12979,0.186678,-0.155077
124.461,-21.6362,-175.419,-3.0945,0.169492,-0.133924
124.217,-22.5771,-176.38,-3.13365,0.144875,-0.113635
123.304,-24.386,-172.989,-3.06107,0.128516,-0.079074
123.824,-28.6508,-172.643,-3.04716,0.112324,-0.0402632
121.939,-30.7068,-168.919,-3.00505,0.0935552,-0.0200904
120.794,-32.3457,-166.41,-2.96612,0.0711536,0.0027482
120.464,-36.1657,-165.124,-2.92829,0.0601597,0.0283274
120.134,-37.9004,-164.402,-2.89212,0.0404817,0.0626364
119.453,-39.2261,-163.478,-2.86813,0.0164382,0.0863473
119.249,-39.5487,-162.995,-2.84256,-0.0122315,0.136428
119.552,-40.8502,-163.461,-2.81509,-0.038885,0.184607
119.201,-42.6188,-162.332,-2.77377,-0.0391785,0.181055
118.717,-42.846,-161.992,-2.76582,-0.0568041,0.199783
116.694,-44.3232,-158.52,-2.70235,-0.0646931,0.204372
116.326,-44.864,-157.405,-2.65789,-0.076268,0.234926
114.072,-46.32,-154.181,-2.61828,-0.0800253,0.229915
114.25,-46.3995,-154.404,-2.61447,-0.0995151,0.268913
112.692,-48.8866,-152.698,-2.56624,-0.103887,0.24828
112.33,-49.1546,-151.723,-2.54977,-0.106887,0.26853
111.721,-50.4388,-150.721,-2.51074,-0.113338,0.274303
112.6,-51.4512,-152.202,-2.50174,-0.142698,0.327306
112.551,-51.6361,-151.978,-2.46824,-0.167035,0.351676
113.856,-51.7604,-153.51,-2.45624,-0.174804,0.392718
113.689,-52.1565,-153.611,-2.45864,-0.185487,0.398199
113.409,-52.0237,-152.919,-2.41883,-0.191114,0.414001
112.209,-52.328,-151.741,-2.40398,-0.198175,0.406299
111.507,-52.1794,-150.629,-2.36548,-0.205261,0.418522
110.192,-50.8854,-148.022,-2.32942,-0.191792,0.415261
108.261,-50.9922,-146.026,-2.29284,-0.195279,0.399996
107.194,-50.9469,-144.956,-2.26487,-0.203388,0.396781
106.589,-50.9188,-144.067,-2.24113,-0.219374,0.424921
105.374,-52.2195,-143.238,-2.22952,-0.230617,0.41381
107.575,-52.095,-145.348,-2.21655,-0.2549,0.488068
109.15,-53.0104,-146.786,-2.19346,-0.282319,0.549462
105.69,-55.7282,-142.749,-2.16036,-0.296474,0.555672
104.628,-56.632,-141.95,-2.14614,-0.305377,0.562862
105.302,-56.6969,-142.827,-2.12575,-0.322713,0.574679
105.77,-57.3924,-143.691,-2.11422,-0.345927,0.603141
103.523,-56.9171,-140.87,-2.09015,-0.349322,0.600911
102.6,-56.5837,-139.195,-2.03511,-0.34502,0.602738
101.635,-55.8978,-138.533,-2.02177,-0.355148,0.599033
100.97,-55.4446,-137.928,-2.00281,-0.373137,0.623329
99.0426,-54.803,-135.729,-1.96006,-0.368057,0.594023
98.3368,-55.6325,-134.927,-1.93393,-0.377714,0.606693
98.5941,-56.6774,-135.268,-1.92626,-0.391054,0.620721
99.5414,-56.7697,-135.984,-1.91895,-0.40051,0.651409
99.0125,-57.2444,-135.447,-1.91009,-0.39942,0.637957
98.5121,-59.4491,-135.079,-1.89286,-0.422927,0.68771
96.5458,-61.6148,-132.442,-1.87164,-0.423935,0.688322
90.9614,-63.0125,-126.302,-1.83328,-0.434331,0.696779
83.6683,-64.853,-118.425,-1.80828,-0.440835,0.710178
74.3516,-63.4447,-108.128,-1.77727,-0.443044,0.687042
70.937,-62.6633,-104.263,-1.74009,-0.453076,0.691823
66.5568,-64.2538,-98.6633,-1.71945,-0.451893,0.692497
63.1005,-59.8101,-94.6768,-1.6814,-0.44791,0.67849
57.3042,-59.6807,-88.5078,-1.66132,-0.47396,0.691131
54.6201,-58.2989,-84.7862,-1.62737,-0.464972,0.67157
52.2314,-57.8638,-81.3788,-1.57482,-0.466851,0.671234
51.0676,-57.833,-79.6141,-1.54129,-0.471396,0.665337
49.229,-57.9593,-77.9808,-1.51703,-0.477811,0.665162
47.2392,-57.241,-75.6364,-1.50105,-0.459642,0.643673
41.882,-57.6473,-69.0006,-1.46389,-0.462385,0.631262
35.2832,-55.0046,-60.428,-1.4289,-0.459824,0.618619
31.7338,-51.3518,-55.491,-1.39122,-0.455475,0.603285
29.0697,-48.7884,-51.8755,-1.35638,-0.453693,0.56119
26.5348,-45.6089,-47.6611,-1.33816,-0.419851,0.527519
25.5487,-46.0562,-45.878,-1.28372,-0.417575,0.522766
24.0226,-45.4471,-45.2969,-1.28807,-0.439931,0.503403
24.4773,-45.8392,-44.6222,-1.20658,-0.423857,0.502666
21.611,-44.9411,-40.884,-1.18952,-0.4073,0.459697
21.3744,-45.0002,-39.7009,-1.13122,-0.393965,0.456775
19.7044,-44.9361,-37.8507,-1.11975,-0.401614,0.451791
19.0695,-42.8702,-36.8479,-1.10327,-0.377573,0.393517
19.3551,-42.2755,-36.6805,-1.06537,-0.378451,0.395212
17.9241,-39.5307,-33.4999,-1.03419,-0.338987,0.360354
18.0178,-37.4774,-33.1548,-0.985215,-0.347243,0.349876
18.3517,-36.7237,-33.9925,-0.966587,-0.348125,0.320665
19.1414,-34.1931,-34.0156,-0.95352,-0.276798,0.266002
17.4699,-35.1138,-31.8472,-0.909337,-0.303014,0.272747
16.6992,-34.4389,-30.4123,-0.872711,-0.282187,0.244523
16.1655,-34.611,-28.7134,-0.847541,-0.258441,0.207572
15.7777,-34.3625,-27.693,-0.816257,-0.253827,0.210039
14.9163,-34.1323,-26.4607,-0.786606,-0.246534,0.189723
14.2395,-31.4426,-24.6695,-0.782911,-0.240948,0.161451
14.964,-27.9757,-24.7981,-0.787883,-0.205867,0.124325
14.7692,-27.7288,-24.2878,-0.751808,-0.210278,0.125663
14.9106,-27.5079,-23.167,-0.718228,-0.172692,0.0979769
13.1851,-26.6973,-20.9754,-0.685894,-0.185265,0.0823762
13.1935,-25.5492,-20.6048,-0.660068,-0.174035,0.0589685
13.0298,-25.0217,-19.4723,-0.653294,-0.153993,0.0374645
12.8712,-24.543,-19.6229,-0.655744,-0.146102,0.0149096
13.7981,-25.5486,-21.7335,-0.632989,-0.151872,0.01773
13.6604,-25.2733,-21.0339,-0.631774,-0.136685,0.00600886
13.2316,-25.7583,-20.8372,-0.614459,-0.156463,0.014654
13.358,-24.9947,-20.9444,-0.639373,-0.150381,0.0120595
13.4562,-25.1515,-20.7314,-0.63107,-0.144816,0.00857413
13.4974,-24.9611,-20.9795,-0.633012,-0.144238,0.00525708
13.5572,-24.9045,-21.2138,-0.633221,-0.146407,0.0106658
13.368,-25.3081,-20.5428,-0.619144,-0.144173,0.00790654
13.1636,-25.162,-20.6028,-0.635018,-0.154152,0.00769126
13.3877,-24.5785,-20.6634,-0.647536,-0.14246,-0.00094324
13.3933,-25.2101,-20.6699,-0.624104,-0.148276,0.00622176
13.4085,-25.3572,-20.534,-0.624439,-0.148926,0.0107673
13.3909,-25.1451,-20.6041,-0.62657,-0.146562,0.00457351
13.364,-25.2671,-20.4305,-0.628776,-0.148937,0.0055
13.3238,-25.3218,-20.3672,-0.627156,-0.148291,0.00558983
13.124,-25.4468,-20.1626,-0.625466,-0.150864,0.00961477
13.1309,-25.22,-20.4292,-0.636729,-0.155699,0.0109163
13.3136,-25.33,-20.3371,-0.621949,-0.144779,0.000567423
13.447,-25.2565,-20.4027,-0.626212,-0.141732,0.0028597
13.2982,-25.5967,-20.1565,-0.614362,-0.147315,0.00749953
13.2608,-25.6534,-20.0459,-0.617356,-0.148196,0.00902011
13.187,-25.7791,-19.8891,-0.612104,-0.152977,0.0135695
13.276,-25.8239,-19.9691,-0.608291,-0.146229,0.00796805
13.1243,-25.6239,-19.8524,-0.616886,-0.149412,0.00454771
13.308,-25.6808,-20.0103,-0.614793,-0.147817,0.00916299
