0,-0,0,0,0,0
-0.0588854,-0.421666,0.188237,0.00760168,0.00253357,-0.000840767
-0.210947,-0.449945,0.215192,0.00466761,-0.000327092,0.00213382
0.0694297,-0.69563,0.271997,0.0117536,0.00848743,0.00523862
-0.0127328,-0.806877,0.401433,0.0123757,0.00675073,-0.00218226
-0.0947729,-0.654594,0.59029,0.00697037,0.00722693,-0.00191465
0.386425,-0.211255,1.12349,0.004461,0.00369612,0.00669815
0.117384,-0.76813,0.588742,0.00450384,0.00869869,-0.00962229
0.305996,-0.909241,0.705662,0.0122576,0.00754408,-0.00874584
0.662602,-1.09802,0.617802,0.0131024,0.0129943,-0.00991556
0.588455,-0.626296,0.529992,0.00241658,0.00774661,-0.011421
0.761186,-1.34596,0.909892,0.0175353,0.0110515,-0.0126851
0.829858,-1.50967,0.857421,0.0212166,0.0196353,-0.0279838
0.66722,-1.18316,0.746138,0.0185258,0.0156559,-0.0324167
1.16481,-2.25654,-1.33094,0.0256569,0.0342126,-0.0476553
1.23067,-2.13305,-1.50639,0.0261099,0.0527904,-0.0787299
1.32669,-2.24817,-1.58258,0.0404238,0.0645485,-0.112891
1.78493,-1.83469,-0.965756,0.0358583,0.0931208,-0.146621
1.64411,-1.98421,-1.33589,0.0438877,0.092473,-0.164696
2.17871,-1.56142,-1.24494,0.0514429,0.129131,-0.205104
2.15937,-0.768073,-0.620066,0.0333788,0.15278,-0.245127
2.51418,-0.427949,-0.184718,0.0353025,0.165348,-0.275143
1.97175,0.436755,-0.163875,0.0358303,0.175598,-0.317212
2.54297,0.308304,0.493214,0.0473498,0.211006,-0.354517
2.51949,0.0246333,1.49672,0.0561929,0.236026,-0.404876
2.52935,-0.797386,1.33078,0.0889664,0.245431,-0.431914
2.27516,-1.2786,2.60335,0.132913,0.278377,-0.470557
2.27818,-1.00993,2.31609,0.10766,0.298497,-0.519898
2.54683,-0.76244,1.16692,0.126604,0.338062,-0.59199
2.52872,-1.53477,1.67434,0.176035,0.364443,-0.639648
2.30805,-1.46557,1.56037,0.176645,0.396584,-0.690552
1.95005,-0.993429,1.29609,0.169493,0.398477,-0.727712
1.81611,-1.7745,1.25972,0.193285,0.413957,-0.76664
1.89339,-1.13228,1.51566,0.18897,0.414892,-0.798784
2.27224,-2.81812,2.60565,0.224716,0.462475,-0.863015
2.79476,-3.13088,2.20465,0.244885,0.493791,-0.916446
2.26052,-4.00997,1.81296,0.247071,0.512264,-0.951985
2.50347,-3.21364,1.64681,0.228864,0.533898,-1.00062
2.27842,-2.65711,1.05729,0.207562,0.55765,-1.04481
2.59228,-3.43529,0.35346,0.228992,0.584525,-1.0843
2.25141,-2.80314,0.84186,0.256853,0.601284,-1.13222
2.51255,-3.15225,2.10306,0.303428,0.628974,-1.16703
2.21304,-2.34912,1.09285,0.273803,0.635738,-1.19328
2.0039,-4.5136,1.10817,0.319615,0.650115,-1.23114
2.20958,-5.30663,0.354958,0.375621,0.680537,-1.27888
2.02575,-7.20286,1.28566,0.439251,0.710729,-1.32756
2.32885,-7.69866,0.0439208,0.460205,0.719544,-1.34147
1.5011,-7.10786,-0.967058,0.441755,0.711803,-1.38031
1.73794,-6.48021,-0.685805,0.455999,0.743077,-1.41806
1.82701,-5.99824,-1.80023,0.461315,0.762398,-1.4517
2.57779,-5.81298,-0.766079,0.524249,0.814854,-1.49838
2.69696,-4.65992,-1.95421,0.501787,0.831804,-1.54754
2.49405,-4.3418,-1.06189,0.523678,0.852599,-1.59471
2.59442,-5.60068,-1.43621,0.580591,0.87823,-1.63745
2.79229,-6.95997,-1.8318,0.620185,0.895081,-1.6706
2.66259,-8.01415,-1.80184,0.673288,0.912329,-1.7098
2.29952,-8.01285,-0.0158918,0.715574,0.92105,-1.74378
2.58759,-9.75678,0.0869163,0.755771,0.950365,-1.77189
2.86593,-9.3216,0.579479,0.750438,0.98852,-1.81687
2.62254,-9.97636,-0.100622,0.774597,1.00621,-1.85859
2.97148,-9.11127,-0.286812,0.788853,1.03966,-1.91081
3.13997,-8.93335,-1.31934,0.790416,1.06258,-1.95701
3.50014,-9.24302,-0.945819,0.81334,1.09153,-1.99453
3.19963,-7.68091,-1.49544,0.787186,1.11141,-2.04189
3.53397,-8.67617,-0.845211,0.817062,1.15206,-2.08559
3.87191,-8.28441,-1.25304,0.824764,1.18154,-2.14257
3.6876,-10.0588,-0.180123,0.878661,1.21803,-2.18493
3.79592,-9.88115,-1.56784,0.894631,1.24447,-2.23513
3.65656,-9.1955,-1.65806,0.885132,1.26347,-2.27545
3.44063,-9.00885,-2.45387,0.892266,1.27698,-2.31872
3.77649,-9.38226,-2.61741,0.908338,1.31186,-2.34895
3.06225,-9.58707,-3.21115,0.916305,1.32006,-2.39777
3.28643,-8.84642,-2.00753,0.927301,1.348,-2.43594
3.38267,-9.74793,-1.0671,0.955195,1.38134,-2.47728
2.91096,-10.2769,0.14112,1.00058,1.40639,-2.52561
2.29302,-11.1869,-0.211091,1.04804,1.41065,-2.56522
2.57989,-12.8236,-1.04536,1.09032,1.43866,-2.59319
2.33136,-13.0432,-1.36545,1.09685,1.46333,-2.63355
2.27108,-12.937,-1.17433,1.13089,1.48126,-2.67569
2.22821,-12.0439,-0.267696,1.14349,1.51662,-2.72953
2.07769,-11.8054,0.00226643,1.15836,1.53443,-2.76819
1.87397,-12.381,-0.427499,1.18341,1.55795,-2.80544
2.08659,-12.5497,-2.49902,1.18671,1.56874,-2.8505
1.9712,-13.7644,-3.42659,1.22752,1.57664,-2.8702
2.16757,-14.3684,-3.38336,1.25791,1.60304,-2.91646
2.75205,-15.3391,-3.91716,1.29721,1.63181,-2.95517
2.4182,-15.3405,-2.32274,1.33125,1.65859,-3.00848
1.81522,-16.1803,-3.59474,1.36682,1.65174,-3.04373
1.96451,-15.7887,-3.71489,1.3559,1.68275,-3.08169
2.25686,-16.0979,-4.19723,1.388,1.69445,-3.10156
2.39162,-15.07,-4.11026,1.38838,1.72047,-3.14879
2.24335,-15.1408,-4.90252,1.39235,1.73838,-3.18916
2.50761,-14.1708,-5.64843,1.39562,1.75479,-3.21532
2.26241,-13.9675,-3.4886,1.43187,1.78002,-3.24392
2.0028,-13.4602,-2.86799,1.44736,1.79195,-3.2824
1.70922,-13.6823,-1.78014,1.46803,1.82377,-3.31634
1.59778,-14.4079,-2.10235,1.51974,1.83869,-3.3663
1.50649,-14.3879,-1.95078,1.53909,1.86851,-3.4186
2.02772,-14.7242,-2.96761,1.5692,1.88588,-3.45429
2.40743,-13.637,-4.33642,1.55813,1.9154,-3.49303
2.38741,-11.8912,-3.96159,1.57659,1.93927,-3.56145
2.51015,-11.0847,-4.53279,1.55145,1.96964,-3.60446
3.21193,-10.1299,-6.15067,1.53196,1.99256,-3.63176
2.59112,-10.0861,-6.22647,1.5374,1.99311,-3.66729
2.52021,-10.8738,-8.05562,1.5557,2.00351,-3.68448
2.12845,-11.1703,-7.39218,1.60259,2.00573,-3.71262
1.67898,-9.95757,-5.54445,1.60592,2.01383,-3.74965
1.81508,-9.45083,-4.06525,1.60759,2.04277,-3.79604
2.37922,-10.3751,-1.18696,1.67566,2.08723,-3.82744
2.05227,-10.5464,-0.136495,1.70946,2.1126,-3.88203
2.01411,-12.3005,-1.68694,1.72637,2.11327,-3.89748
1.69839,-12.4124,-1.99532,1.76623,2.13482,-3.95462
1.77602,-13.4182,-3.86422,1.77712,2.14619,-3.98318
1.37727,-11.2022,-3.33331,1.75327,2.18193,-4.06886
2.06348,-11.8232,-2.44434,1.78272,2.22944,-4.11236
2.90938,-13.0511,-4.95427,1.8247,2.27575,-4.16225
2.4969,-14.7585,-6.18704,1.88101,2.25758,-4.19014
2.26626,-14.2021,-5.83519,1.88263,2.29733,-4.26105
2.54287,-14.3173,-5.03456,1.91255,2.32808,-4.31485
2.06609,-14.034,-4.09099,1.9218,2.34562,-4.34668
1.88278,-15.0492,-3.32543,1.96032,2.36192,-4.38176
1.77796,-15.9378,-3.08773,1.98651,2.38324,-4.40884
1.10435,-17.6486,-3.78634,2.03647,2.38414,-4.44226
1.47718,-17.7541,-4.19708,2.05225,2.41483,-4.48006
1.57608,-18.4869,-4.5424,2.08081,2.42655,-4.50259
1.56194,-18.3974,-4.02381,2.1151,2.44615,-4.53755
1.50301,-19.2716,-4.62788,2.14803,2.46573,-4.56959
1.96297,-19.2579,-5.8572,2.15876,2.48236,-4.60381
2.32087,-18.9804,-7.88776,2.16042,2.49216,-4.64523
1.66679,-18.7229,-6.99566,2.18802,2.49393,-4.6818
2.177,-18.8594,-8.21065,2.20666,2.5315,-4.74268
2.14778,-20.8922,-8.18732,2.27687,2.5341,-4.75176
2.43033,-20.8022,-8.79,2.30279,2.56621,-4.80379
2.4114,-22.2655,-6.83755,2.36691,2.59633,-4.83337
2.36612,-22.2991,-8.2846,2.37526,2.6009,-4.86916
2.5879,-24.0193,-9.27064,2.40299,2.6014,-4.88839
2.26755,-23.485,-9.30408,2.41662,2.61061,-4.92825
2.44185,-23.8902,-10.5774,2.42411,2.60813,-4.94904
2.32008,-22.7444,-10.7964,2.46094,2.62401,-4.98161
1.79201,-21.507,-9.5307,2.51288,2.62928,-5.03139
2.51855,-21.0119,-10.2846,2.54973,2.6589,-5.06972
2.51389,-19.3008,-10.3342,2.56508,2.6749,-5.11719
2.69452,-18.0414,-10.2353,2.58298,2.70677,-5.16621
2.5188,-17.9023,-10.1689,2.59204,2.71005,-5.20119
2.82903,-17.3846,-10.1818,2.61085,2.73363,-5.24202
2.64129,-18.3667,-9.65585,2.65245,2.7347,-5.24595
2.62776,-18.952,-8.79146,2.72347,2.75917,-5.28377
2.4154,-20.0706,-8.83526,2.74938,2.76487,-5.30869
3.33239,-20.3659,-10.0957,2.76135,2.79388,-5.33822
2.17962,-21.4716,-9.70676,2.78033,2.77426,-5.34963
2.88334,-22.122,-10.9114,2.80566,2.7941,-5.36346
3.33264,-22.1961,-10.8125,2.8199,2.82687,-5.40201
3.66723,-22.9351,-11.712,2.83467,2.83822,-5.42233
3.22775,-23.4475,-11.5093,2.87812,2.84074,-5.43636
3.74382,-24.3025,-11.9035,2.90384,2.86199,-5.43933
3.75818,-24.0259,-12.8948,2.9139,2.86266,-5.46708
3.28466,-24.1869,-11.9436,2.93592,2.86007,-5.46921
3.16019,-23.8977,-12.0411,2.92972,2.86522,-5.50098
2.42439,-24.3204,-10.2306,2.96704,2.87337,-5.496
2.77753,-24.1303,-11.4907,2.94816,2.87561,-5.5202
2.44896,-24.5569,-10.8022,2.97738,2.87639,-5.5223
1.83334,-24.2092,-10.2781,2.97534,2.87063,-5.53542
1.8781,-24.3444,-10.7317,2.97468,2.85979,-5.52528
1.91529,-23.9561,-10.7289,2.96728,2.86781,-5.53815
1.9497,-24.2911,-10.6456,2.97361,2.86598,-5.52611
2.09481,-23.6916,-10.8931,2.94864,2.86946,-5.53295
1.9181,-24.253,-10.8056,2.97294,2.86503,-5.52953
1.85809,-24.3073,-10.5796,2.97316,2.86268,-5.52779
1.83762,-24.6646,-10.1564,2.99143,2.87129,-5.53079
1.28591,-23.4062,-9.86499,2.97594,2.8663,-5.53874
-0.328147,-20.8932,-6.29067,2.97777,2.86122,-5.52948
-0.039559,-18.412,-5.79298,2.98152,2.86562,-5.53203
-0.966489,-14.8252,-2.84259,2.97099,2.87369,-5.55958
-1.27688,-9.69763,-1.98442,2.90057,2.88639,-5.59661
-0.202305,-5.22648,-4.94245,2.87273,2.90652,-5.65566
-0.214305,-2.04341,-5.15158,2.83806,2.90763,-5.6847
-0.356011,0.668777,-5.56597,2.86827,2.91263,-5.73883
0.238023,4.1311,-5.73445,2.84161,2.93991,-5.79618
0.339663,5.35193,-4.93898,2.83447,2.96041,-5.83607
0.376624,6.74477,-3.21959,2.84421,2.97606,-5.88768
0.483648,6.85224,-2.24532,2.88594,2.99603,-5.93444
0.439628,8.43239,-1.63771,2.94166,3.01289,-6.0282
1.36928,12.8725,0.908982,2.92065,3.04321,-6.06054
1.75988,16.5612,2.2754,2.91686,3.0516,-6.0932
2.42324,22.6785,4.58442,2.8068,3.05659,-6.11026
3.47944,27.8535,5.76649,2.75757,3.06862,-6.11071
3.36663,31.1526,7.12872,2.73148,3.04191,-6.16062
4.38805,33.0181,8.81222,2.72002,3.06592,-6.21772
5.31418,35.9989,9.9066,2.66564,3.10151,-6.24517
6.42609,36.3558,12.5445,2.66624,3.10683,-6.31487
8.47863,37.3554,15.6411,2.62105,3.1323,-6.35094
7.44882,37.2758,14.9089,2.63066,3.12504,-6.37749
8.00146,38.7469,15.1684,2.60691,3.14701,-6.3959
8.92683,39.6365,16.8612,2.59195,3.16379,-6.43831
9.48212,42.5559,17.0846,2.57497,3.19014,-6.48854
11.8534,45.5246,19.4653,2.53603,3.20587,-6.50333
12.0141,47.7228,19.6934,2.49417,3.21542,-6.53279
13.3501,48.2881,21.335,2.48389,3.22082,-6.53721
13.7175,48.0303,21.9165,2.4632,3.24214,-6.5876
15.8982,49.7112,24.1942,2.41063,3.25484,-6.57864
17.0998,50.2824,25.7158,2.38257,3.27067,-6.60559
20.0061,50.5406,28.7289,2.35338,3.32067,-6.66944
20.0927,50.9912,29.2787,2.33117,3.31447,-6.67945
20.9716,50.6687,30.8595,2.30644,3.34211,-6.75391
21.8945,50.6479,31.6255,2.27728,3.3738,-6.80458
22.8677,52.3775,32.6512,2.25057,3.38508,-6.8067
24.6257,53.8543,35.1056,2.20219,3.3813,-6.81113
24.5651,55.1704,34.394,2.17669,3.40758,-6.83087
26.5711,56.6748,37.3816,2.13977,3.39289,-6.82503
26.5674,58.1599,36.8629,2.10397,3.40833,-6.83793
30.9101,57.606,42.4068,2.06458,3.42474,-6.89628
30.3075,59.7027,42.623,2.04794,3.40415,-6.889
33.5704,58.3841,45.872,2.0017,3.43257,-6.92072
33.7423,58.3416,45.9849,1.98581,3.45458,-6.9447
36.1856,57.7104,48.371,1.94437,3.46769,-6.94575
36.9375,58.8262,49.9338,1.91828,3.45408,-6.94316
38.7663,58.0524,51.7144,1.88016,3.47367,-6.96688
40.2461,57.4365,53.8451,1.87324,3.4724,-6.97237
39.6702,58.2811,52.924,1.84915,3.47895,-6.98143
39.747,58.0946,53.3885,1.83047,3.48244,-7.00652
40.2913,57.8872,54.0573,1.80619,3.48545,-7.01812
42.2758,58.2196,56.1526,1.77579,3.49726,-7.01828
43.0463,58.8287,57.4572,1.75075,3.49635,-7.02619
44.3587,59.2249,58.1795,1.71367,3.5248,-7.03563
46.9245,60.6044,61.3025,1.71372,3.49469,-7.00245
48.5531,61.6164,63.2549,1.68578,3.5124,-7.02735
54.9323,62.8729,70.4613,1.63991,3.51231,-7.01274
59.182,63.091,74.6914,1.59198,3.51934,-7.01763
60.663,63.7696,76.4744,1.57895,3.52178,-7.04041
66.1184,64.136,81.861,1.53399,3.53147,-7.01468
69.8167,63.6424,86.0121,1.48413,3.54554,-7.01529
71.958,62.1016,88.0993,1.45258,3.56198,-7.04592
74.4772,62.6416,91.0896,1.4247,3.55517,-7.04542
76.6986,62.7833,93.3804,1.40476,3.56282,-7.0445
84.3921,60.6139,102.174,1.37234,3.54449,-7.02932
88.4084,59.4899,107.202,1.365,3.53292,-7.06479
93.3834,58.5374,112.658,1.31012,3.53816,-7.01498
95.5537,58.4846,114.657,1.27002,3.53305,-6.99415
98.7605,57.5638,117.847,1.25654,3.52825,-6.95979
100.766,57.2517,119.406,1.21048,3.54533,-6.9505
102.797,56.0457,122.462,1.19792,3.51447,-6.92915
104.155,55.8028,124.354,1.13367,3.51527,-6.9142
105.093,52.5632,125.431,1.1245,3.52095,-6.89583
107.557,53.3799,128.842,1.05501,3.50328,-6.87867
107.314,50.2184,127.724,1.00197,3.54219,-6.8942
108.29,48.1521,129.028,0.971107,3.54928,-6.9013
111.952,46.121,133.633,0.93352,3.52867,-6.84411
116.707,43.6797,140.056,0.910036,3.49218,-6.76952
119.086,39.5811,142.794,0.888091,3.50392,-6.76131
122.483,37.5807,147.005,0.863748,3.51005,-6.74148
124.397,33.4204,149.821,0.833223,3.50646,-6.72774
124.864,29.957,150.77,0.810725,3.5008,-6.71568
125.859,27.0414,151.552,0.773417,3.49861,-6.66444
126.05,24.3773,152.242,0.737465,3.49413,-6.64551
126.892,22.8541,152.862,0.69866,3.49111,-6.60333
126.809,20.192,152.292,0.672439,3.48335,-6.57734
127.274,19.7008,153.699,0.669485,3.47943,-6.54989
127.857,17.2533,155.09,0.652745,3.46623,-6.50018
128.407,15.3009,156.535,0.652594,3.44032,-6.47506
128.671,12.3874,158.098,0.606451,3.42223,-6.41862
129.389,11.0335,160.349,0.631037,3.40451,-6.37472
129.578,10.7257,160.985,0.631776,3.39101,-6.34503
129.41,10.3808,160.745,0.596799,3.3835,-6.31736
129.587,9.06604,160.936,0.599722,3.37011,-6.28556
129.575,8.25997,160.01,0.571887,3.35598,-6.24881
129.136,8.2412,160.287,0.558561,3.34588,-6.24086
129.297,7.03747,159.404,0.542034,3.34557,-6.21395
129.369,7.82409,160.221,0.553194,3.33966,-6.21277
129.518,7.94055,160.256,0.550052,3.33994,-6.20395
129.536,8.58618,160.881,0.549483,3.33238,-6.19541
129.296,8.02953,160.254,0.539943,3.32912,-6.18713
129.326,7.97386,160.346,0.542744,3.32669,-6.18034
129.035,7.81619,160.393,0.553537,3.32823,-6.20475
129.183,8.03295,160.433,0.544089,3.32495,-6.17869
128.81,8.04601,160.505,0.548094,3.32544,-6.19681
129.199,8.07657,160.279,0.537345,3.32807,-6.17347
128.805,8.06635,160.149,0.534263,3.32947,-6.20056
128.967,8.05302,160.12,0.537788,3.33171,-6.19407
128.996,7.96829,160.475,0.550174,3.32869,-6.19375
129.029,7.95943,160.378,0.545647,3.32674,-6.18283
128.971,8.21454,160.725,0.555401,3.32782,-6.19372
129.131,8.32786,160.39,0.544455,3.33003,-6.18263
129.004,7.82998,160.617,0.564207,3.32504,-6.18054
128.568,8.76775,160.099,0.535061,3.32788,-6.19089
128.406,9.78391,159.946,0.540898,3.3221,-6.18509
128.279,11.8556,159.206,0.526058,3.31383,-6.1549
128.373,13.6649,158.945,0.526211,3.30559,-6.11479
128.862,14.2679,159.978,0.519126,3.28169,-6.07248
128.723,14.5889,160.221,0.494117,3.27341,-6.05514
128.501,14.9168,159.596,0.45551,3.25622,-6.00091
128.936,16.4658,161.117,0.47463,3.23815,-5.96689
128.797,17.3235,161.059,0.448757,3.22956,-5.94257
129.115,17.536,161.563,0.454601,3.2085,-5.89095
128.828,17.1961,160.334,0.416813,3.21549,-5.88395
129.217,16.9688,159.132,0.3823,3.22124,-5.86896
129.633,18.3806,160.188,0.399577,3.22595,-5.84972
129.374,17.4039,159.544,0.377557,3.2404,-5.85719
129.099,15.3534,159.208,0.377536,3.2339,-5.855
129.214,15.3734,160.128,0.403397,3.22501,-5.84815
128.92,14.4049,159.775,0.402025,3.21628,-5.83543
128.67,14.2346,159.026,0.388826,3.21474,-5.84921
128.323,15.9336,158.795,0.377692,3.2118,-5.85272
128.068,14.1199,157.734,0.356687,3.2116,-5.84289
128.122,13.5224,157.429,0.329565,3.20133,-5.82169
128.11,13.9178,157.905,0.345302,3.19474,-5.81163
127.897,14.6391,157.38,0.309734,3.18726,-5.7854
127.955,14.7584,157.4,0.291959,3.18081,-5.76015
127.502,15.309,156.536,0.270784,3.17184,-5.75015
127.514,15.7064,156.223,0.241815,3.17583,-5.73778
127.313,15.4457,155.634,0.24028,3.17018,-5.73007
127.478,15.1886,156.166,0.247917,3.15518,-5.70582
127.572,16.0768,156.266,0.227306,3.14829,-5.67413
127.863,14.7971,156.877,0.219425,3.13383,-5.63881
128.258,14.3706,157.392,0.19859,3.10652,-5.58044
128.607,14.0785,157.848,0.187084,3.09517,-5.54488
127.874,14.4485,157.199,0.151506,3.08039,-5.51994
127.9,12.9544,158.195,0.163112,3.05669,-5.48988
127.828,13.9704,158.11,0.127752,3.04063,-5.45537
128.48,13.809,158.072,0.0979336,3.0375,-5.40421
128.309,14.0968,157.111,0.0512102,3.03959,-5.38221
127.551,12.9488,157.211,0.0318175,3.0171,-5.35894
128.173,13.4137,155.801,-0.00508723,3.01272,-5.28126
128.456,13.1536,156.549,-0.0135457,2.99386,-5.25275
128.339,14.7504,156.495,-0.0316346,2.98832,-5.23437
128.018,13.6246,156.347,-0.0725486,2.96853,-5.18704
127.841,13.6801,156.195,-0.0921402,2.95766,-5.14628
127.992,12.399,156.632,-0.122215,2.94679,-5.10209
128.28,13.0386,156.483,-0.127506,2.93483,-5.06789
128.218,13.5131,157.591,-0.144982,2.91415,-5.03821
127.966,15.0025,158.156,-0.143829,2.8964,-5.02132
127.839,16.7522,157.997,-0.181806,2.8992,-5.00483
127.184,19.6765,156.505,-0.21015,2.87258,-4.93569
127.273,15.8567,155.876,-0.290138,2.87413,-4.90497
126.735,18.062,154.651,-0.35389,2.87783,-4.87702
126.699,17.6301,153.916,-0.370428,2.86553,-4.84955
126.376,18.6229,153.415,-0.39762,2.86544,-4.82761
126.294,17.5305,153.514,-0.409912,2.84788,-4.80524
126.285,18.8668,153.289,-0.445558,2.84709,-4.77219
126.478,17.8229,154.163,-0.470648,2.82383,-4.73658
126.446,17.9058,153.973,-0.495768,2.80867,-4.6856
127.068,18.5218,154.701,-0.52538,2.79701,-4.6372
127.184,18.0239,154.713,-0.529073,2.79125,-4.60322
126.867,16.9831,154.646,-0.554078,2.77174,-4.58709
127.412,17.5866,154.443,-0.582903,2.7681,-4.5466
127.189,18.3036,154.548,-0.617966,2.76496,-4.52716
127.307,17.8281,154.928,-0.61268,2.7431,-4.48337
127.057,16.8244,153.776,-0.665954,2.73457,-4.43693
127.254,16.843,155.081,-0.661813,2.69719,-4.39045
127.563,15.7268,154.946,-0.699622,2.6935,-4.34179
128.149,14.035,155.052,-0.715174,2.68571,-4.27448
127.319,14.352,155.473,-0.728536,2.64462,-4.23816
127.576,15.5578,156.36,-0.744763,2.62606,-4.19819
127.194,14.0288,154.963,-0.775064,2.6187,-4.15803
127.038,14.9879,154.508,-0.806046,2.60985,-4.12919
127.675,15.8101,154.046,-0.834622,2.61671,-4.09015
127.169,17.2754,152.649,-0.873692,2.61659,-4.0684
126.397,16.1644,151.668,-0.926447,2.61486,-4.04444
125.936,15.6403,151.082,-0.951038,2.59949,-4.02316
126.39,17.4034,152.331,-0.938331,2.59941,-4.01822
126.269,17.6383,152.241,-0.952082,2.58077,-3.99503
126.346,17.5907,152.858,-0.967362,2.56773,-3.96584
126.185,18.6281,152.191,-0.975749,2.56149,-3.9444
126.357,16.7525,152.728,-0.989227,2.54005,-3.88773
127.046,17.2526,153.172,-1.00544,2.52193,-3.8338
127.404,15.7512,154.682,-1.00201,2.49268,-3.77297
127.437,16.1672,154.7,-1.02992,2.46906,-3.73323
127.464,15.8334,154.589,-1.07765,2.4661,-3.68067
127.83,17.2148,155.562,-1.08602,2.43372,-3.61891
127.595,15.5923,155.537,-1.10199,2.41795,-3.57619
127.764,15.0909,154.12,-1.14806,2.41529,-3.52833
127.719,14.8383,153.691,-1.20491,2.41131,-3.48598
127.178,15.3971,152.828,-1.23564,2.39201,-3.45758
127.188,15.3693,153.115,-1.27634,2.38506,-3.41513
127.448,14.1349,153.936,-1.28333,2.35032,-3.34347
127.78,13.2654,154.467,-1.29513,2.33136,-3.27496
127.792,15.977,154.955,-1.33851,2.3199,-3.25301
128.142,15.6681,155.197,-1.35449,2.31612,-3.20204
128.105,15.6813,155.359,-1.3842,2.29152,-3.14431
128.059,16.0733,155.093,-1.4283,2.28378,-3.10724
127.884,14.7835,154.034,-1.46168,2.26212,-3.04784
127.503,15.2823,153.696,-1.49232,2.25486,-3.01888
127.41,15.0879,153.488,-1.51806,2.24684,-2.97549
127.503,14.9871,154.04,-1.56041,2.2364,-2.94342
128.324,14.3009,154.532,-1.58757,2.22059,-2.86461
127.639,14.8433,154.646,-1.59329,2.18523,-2.81811
128.353,18.1915,156.774,-1.5867,2.1615,-2.76344
128.077,20.6542,156.247,-1.63622,2.15073,-2.72076
127.65,18.6185,155.331,-1.67931,2.13054,-2.66946
127.341,19.0364,153.34,-1.75805,2.13732,-2.61159
127.061,18.2301,151.837,-1.79468,2.12774,-2.56613
127.052,16.1975,151.371,-1.82518,2.11605,-2.53089
126.785,16.8212,151.246,-1.84776,2.09943,-2.49533
127.157,15.7645,152.612,-1.84415,2.08219,-2.4627
127.191,16.1742,153.009,-1.85473,2.06571,-2.41896
127.619,16.8901,153.943,-1.87416,2.04662,-2.3633
128.019,17.3238,155.042,-1.8908,2.02249,-2.3121
128.245,16.9502,155.042,-1.92204,2.01511,-2.26694
127.971,18.1924,154.524,-1.96658,1.99957,-2.22432
128.111,17.7031,154.605,-1.98321,1.98486,-2.17919
127.782,16.8649,153.733,-2.03142,1.97396,-2.11828
127.471,17.5207,153.03,-2.06615,1.96742,-2.07798
127.503,17.5044,152.377,-2.09148,1.96168,-2.04374
127.891,19.552,152.273,-2.10735,1.96014,-2.02057
127.613,18.8919,152.244,-2.14663,1.94497,-1.98114
128.153,18.9884,152.772,-2.16911,1.9349,-1.93638
128.118,19.6535,151.982,-2.22121,1.94174,-1.89674
128.078,19.7616,152.92,-2.21125,1.90813,-1.85345
128.34,19.3517,153.017,-2.26107,1.91198,-1.80604
128.334,18.3251,152.875,-2.2667,1.88929,-1.76676
128.243,20.083,152.454,-2.32439,1.89021,-1.72613
127.633,19.6062,151.386,-2.3935,1.8949,-1.68413
127.579,18.8379,151.091,-2.40579,1.87437,-1.64762
127.216,20.1514,150.396,-2.43935,1.86154,-1.59652
127.061,19.9302,150.553,-2.46596,1.84757,-1.59109
126.675,20.6786,149.948,-2.48485,1.84073,-1.55221
126.616,21.7851,150.616,-2.49796,1.81466,-1.52967
126.918,21.1215,151.287,-2.52498,1.79383,-1.45731
128.21,19.7976,152.377,-2.52362,1.78465,-1.40819
128.078,21.702,152.793,-2.55747,1.76594,-1.35657
128.623,21.2034,153.874,-2.57022,1.74919,-1.31053
128.847,20.3856,154.725,-2.58122,1.74014,-1.26065
128.517,20.5864,152.645,-2.65988,1.75447,-1.23028
128.596,18.9707,154.094,-2.64589,1.71321,-1.18456
128.789,17.6989,153.924,-2.69842,1.715,-1.14737
128.585,18.9109,153.72,-2.73292,1.7319,-1.11327
129.757,17.5496,154.959,-2.72347,1.69584,-1.06731
129.673,17.8255,155.074,-2.74954,1.69083,-1.03501
130.324,17.1326,156.017,-2.7338,1.66707,-0.990094
130.833,17.1125,156.529,-2.75809,1.67504,-0.935411
130.327,16.5302,157.549,-2.74995,1.63642,-0.911633
130.016,16.848,156.532,-2.7892,1.6377,-0.877692
130.98,18.1266,156.788,-2.78888,1.63869,-0.852779
130.497,19.3595,156.924,-2.82009,1.62941,-0.82544
129.374,17.1774,156.888,-2.84078,1.59241,-0.813969
128.536,17.9307,155.42,-2.89137,1.58609,-0.794067
128.699,17.375,155.659,-2.9111,1.55975,-0.748406
128.386,17.399,154.541,-2.96938,1.56962,-0.728755
129.008,17.2411,155.265,-2.99064,1.56466,-0.664803
128.777,16.1057,155.816,-2.9939,1.5341,-0.631607
128.505,15.7174,156.012,-3.00164,1.51806,-0.614559
127.869,16.7209,157.528,-2.99924,1.48944,-0.59509
128.701,16.3093,157.482,-3.01868,1.49599,-0.555477
129.015,15.5421,157.396,-3.02745,1.48989,-0.526219
128.398,16.241,157.392,-3.05218,1.47933,-0.529011
128.321,15.5563,157.332,-3.05342,1.46248,-0.497212
128.465,15.9147,157.36,-3.05586,1.4605,-0.486723
127.251,16.7545,155.165,-3.12633,1.4689,-0.51163
127.759,15.8478,156.06,-3.09274,1.46007,-0.496225
127.798,16.1894,155.887,-3.10219,1.46572,-0.497209
128.095,16.0609,156.573,-3.08093,1.46249,-0.49311
128.237,16.3941,157.139,-3.07533,1.45805,-0.489643
128.285,16.2217,156.841,-3.07735,1.46305,-0.490852
128.122,16.776,156.406,-3.09718,1.46856,-0.495385
127.946,16.4942,157.365,-3.06849,1.4526,-0.501459
128.052,16.486,157.524,-3.06519,1.45201,-0.498459
127.277,15.4483,157.476,-3.0551,1.44328,-0.505252
129.713,14.3127,158.742,-3.10914,1.47899,-0.43466
128.855,8.88619,158.505,-3.13242,1.47062,-0.460635
130.766,7.84886,161.676,-3.12657,1.46402,-0.412925
130.793,4.74783,163.966,-3.13719,1.43965,-0.394967
131.116,3.41141,164.993,-3.16037,1.43688,-0.377781
130.904,-1.22446,167.345,-3.14584,1.41351,-0.361279
131.499,-1.96978,168.367,-3.1331,1.40823,-0.321101
131.387,-4.20967,169.653,-3.12459,1.38533,-0.297405
131.16,-6.65853,169.917,-3.13177,1.37568,-0.284532
131.123,-9.09353,171.055,-3.13197,1.36294,-0.251759
131.029,-10.543,171.78,-3.12126,1.34777,-0.215735
131.223,-14.649,172.038,-3.11797,1.33412,-0.1929
131.034,-15.9389,173.866,-3.11202,1.31703,-0.16381
130.68,-17.7353,174.609,-3.10394,1.30664,-0.148254
130.785,-18.4196,174.219,-3.12032,1.28895,-0.0959926
130.117,-23.2376,176.78,-3.05511,1.26036,-0.0696776
129.069,-26.1957,-179.846,-3.02729,1.24311,-0.0420376
129.147,-28.2453,179.947,-3.02415,1.21607,0.000703819
128.051,-30.8705,-177.259,-2.99301,1.19571,0.0281771
127.838,-32.8327,-176.452,-2.95136,1.17929,0.0505831
128.543,-33.5093,-177.006,-2.96296,1.15357,0.132038
127.858,-34.0187,-176.201,-2.93656,1.13613,0.150717
128.408,-35.2805,-176.231,-2.90548,1.11462,0.209924
129.257,-36.465,-177.894,-2.9161,1.109,0.254106
128.665,-36.4127,-176.516,-2.90818,1.09011,0.269815
127.988,-37.8883,-175.338,-2.87819,1.09019,0.296338
127.688,-41.0926,-174.314,-2.79824,1.07951,0.316755
125.524,-40.9597,-171.666,-2.79307,1.05845,0.308286
124.993,-41.7587,-170.443,-2.74571,1.0439,0.312829
125.198,-44.847,-170.457,-2.72614,1.03804,0.330686
124.552,-44.9294,-169.214,-2.67989,1.02747,0.348124
124.217,-46.2216,-168.425,-2.65967,1.00826,0.385905
125.697,-45.9255,-170.645,-2.67124,0.990107,0.449029
126.412,-46.516,-171.525,-2.64626,0.977559,0.464447
126.618,-46.5399,-171.736,-2.62875,0.967159,0.493909
126.522,-46.1574,-171.435,-2.62524,0.955206,0.521393
126.88,-46.9103,-172.274,-2.60858,0.945216,0.538511
125.734,-47.011,-170.779,-2.58184,0.931759,0.548267
125.34,-46.4586,-170.091,-2.57127,0.924319,0.573733
124.173,-46.4219,-168.816,-2.56533,0.922031,0.564797
122.692,-46.4009,-166.467,-2.50793,0.908267,0.572145
121.796,-46.7757,-164.955,-2.46061,0.902181,0.5814
121.567,-46.178,-164.839,-2.46876,0.88632,0.615148
121.964,-47.5315,-165.535,-2.4588,0.88179,0.628323
123.355,-47.998,-166.63,-2.45044,0.868472,0.704724
124.801,-47.985,-167.9,-2.45387,0.847115,0.779915
124.131,-51.0789,-167.256,-2.43452,0.819678,0.819362
124.656,-52.0717,-168.299,-2.42787,0.814146,0.84031
124.254,-51.9201,-167.632,-2.38831,0.786848,0.872934
124.429,-52.5521,-167.794,-2.37591,0.778254,0.894236
122.643,-52.6376,-165.504,-2.33937,0.762403,0.902848
121.285,-53.0335,-164.227,-2.31121,0.744516,0.906606
119.269,-52.3278,-161.894,-2.26954,0.734856,0.885852
119.054,-52.3165,-161.413,-2.23597,0.723265,0.917377
117.296,-51.928,-159.358,-2.20119,0.712588,0.912035
117.389,-52.4496,-159.362,-2.19176,0.704486,0.939839
117.393,-53.2438,-159.438,-2.17698,0.698889,0.94288
117.505,-53.2732,-159.182,-2.1751,0.696334,0.956385
118.197,-53.4574,-160.452,-2.17891,0.667579,0.982942
117.639,-55.9567,-159.434,-2.13936,0.670697,1.00023
117.227,-59.4831,-158.957,-2.12282,0.658812,0.994834
112.187,-61.3316,-153.896,-2.09283,0.637273,1.01552
105.334,-63.9934,-146.403,-2.04947,0.624433,1.00537
98.8783,-64.2739,-139.146,-2.02693,0.60825,1.02332
91.1154,-62.7706,-130.256,-1.95487,0.61755,0.973228
87.1875,-64.4484,-126.587,-1.95859,0.590312,0.975482
82.3433,-61.9,-120.96,-1.93294,0.585051,0.979081
75.2561,-62.2974,-112.959,-1.90061,0.569698,0.974103
72.1581,-62.435,-109.198,-1.90323,0.566645,0.98349
68.1448,-61.758,-104.507,-1.85514,0.558579,0.967412
67.9094,-63.1737,-104.073,-1.81706,0.534857,1.00493
65.4589,-63.2329,-101.282,-1.7883,0.536704,0.984432
64.981,-62.9075,-100.692,-1.76879,0.526863,0.990444
64.1022,-63.4868,-98.4852,-1.69797,0.514803,1.07133
54.6346,-61.6988,-87.6722,-1.66535,0.518002,1.05745
49.1747,-58.3879,-80.5446,-1.58093,0.509501,1.053
42.7564,-58.8942,-73.3895,-1.56241,0.498891,1.04178
37.305,-57.2991,-67.0059,-1.5296,0.491204,1.0225
38.4716,-57.2154,-68.1357,-1.47423,0.462857,1.05077
36.8493,-57.8791,-66.4277,-1.44232,0.438048,1.08376
34.7677,-58.4588,-63.784,-1.38078,0.430557,1.0899
33.29,-58.3554,-62.128,-1.3365,0.421963,1.08482
31.3639,-58.0031,-59.4781,-1.28486,0.425922,1.07762
30.0062,-59.3194,-58.3627,-1.23083,0.375754,1.12873
28.648,-58.2061,-57.1433,-1.20822,0.384112,1.08355
27.3041,-57.2164,-55.7487,-1.16852,0.371266,1.08189
22.7206,-53.4804,-50.885,-1.14621,0.346741,1.03016
22.7779,-50.7275,-50.6557,-1.11727,0.368024,0.978901
23.177,-49.851,-50.4768,-1.08117,0.389918,0.94603
22.6914,-48.6543,-49.3382,-1.02069,0.390033,0.929625
21.398,-48.38,-47.5898,-0.990135,0.382159,0.93883
20.9533,-48.0451,-46.8293,-0.95073,0.396264,0.908718
19.2002,-49.4126,-43.7733,-0.87928,0.398845,0.909805
17.7061,-48.0262,-41.8798,-0.883709,0.415116,0.877046
17.5874,-47.642,-41.404,-0.853858,0.424993,0.859211
16.8302,-45.585,-39.6277,-0.814823,0.423035,0.864304
16.498,-42.449,-38.7659,-0.810058,0.444303,0.825209
15.9953,-41.3608,-37.5089,-0.791011,0.448283,0.807374
14.5201,-42.0031,-36.2253,-0.748246,0.421872,0.800985
13.4906,-40.6579,-34.2834,-0.712526,0.435327,0.785831
13.1304,-39.6988,-33.396,-0.679244,0.445563,0.768989
12.8737,-38.9352,-32.3957,-0.664929,0.459911,0.750213
12.0713,-38.9386,-31.942,-0.658858,0.452246,0.731988
14.37,-39.5559,-34.6554,-0.640292,0.465871,0.740596
13.8923,-39.4307,-34.0314,-0.628669,0.470141,0.726536
13.5338,-39.534,-33.7617,-0.625351,0.457449,0.735726
13.5939,-39.0372,-33.7462,-0.63713,0.467865,0.720055
13.5802,-38.9739,-33.766,-0.638695,0.465386,0.72335
13.8401,-38.6959,-34.002,-0.642859,0.469427,0.716991
13.5733,-39.0251,-33.7912,-0.637136,0.462363,0.72519
13.1816,-39.2941,-32.9614,-0.626421,0.46888,0.720742
13.421,-39.272,-33.4081,-0.630046,0.4577,0.735861
13.4618,-38.8472,-33.489,-0.635642,0.466998,0.713309
13.4636,-39.1139,-33.3217,-0.625591,0.467206,0.721908
13.3248,-39.2115,-33.2613,-0.623851,0.463623,0.719194
13.1859,-39.3032,-33.0165,-0.621416,0.461768,0.723006
13.0764,-39.4691,-32.6811,-0.619524,0.464357,0.724226
13.2098,-39.7997,-32.9906,-0.61212,0.45865,0.733159
13.1662,-39.2997,-32.9686,-0.621754,0.464878,0.717478
13.4053,-39.2474,-33.2095,-0.624732,0.465462,0.725942
13.2622,-39.349,-32.9517,-0.615948,0.467302,0.7173
13.0294,-39.7918,-32.6925,-0.606503,0.457788,0.726085
12.8383,-39.4374,-32.8081,-0.618341,0.452473,0.719736
12.735,-40.0036,-32.4854,-0.606239,0.447979,0.732902
13.1038,-39.674,-32.7426,-0.611536,0.459399,0.722807
12.7662,-40.1961,-32.0829,-0.594554,0.45804,0.729509
13.1604,-39.5362,-32.6727,-0.609494,0.466285,0.719142
12.6993,-40.384,-32.2408,-0.593013,0.44458,0.738428
